DangerType: None
RumbleIntensity: 1
Clouds: 1
Grime: 0
RandomItemDensity: 0.05434782
RandomItemSpearChance: 0.1021738
Palette: 225
EffectColorA: 19
Effects: ZeroG-1-20-20, ZeroGSpecks-0.3152174-26-80, ZeroGWater-1-30-30, 
PlacedObjects: CGDrySpot><-180.2997><-38.80627><620^766, CGDrySpot><581.1376><-36.08463><253^764, CGDrySpot><984.55><-40.25446><257^764, CGDrySpot><1382.392><-43.8588><235^769, CGDrySpot><1759.805><-36.2952><422^762, PWLightrod><1605.58><397.6835><-89.6795~-264~0.326087~0~113.0435~1~0.8043478~1~0.4086961, PWLightrod><1395.199><386.7717><-363.6795~-33~0.326087~0~121.3043~0.5~0.7913042~1~0.4086957, PWLightrod><1227.825><191.9355><32.3205~-15~0.326087~0~121.3043~0.5~0.8130434~1~0.4086961, PWLightrod><995.0914><195.6779><-12.67949~-202~0.3152174~0~121.3043~0.5~0.7913045~1~0.3869569, PWLightrod><596.1511><393.619><-121.6795~-199~0.3043478~0~113.0435~0.5~0.8021738~1~0.4195656, PWLightrod><426.3339><187.1114><-91.6795~-194~0.326087~0~203.913~0.5~0.8021738~1~0.4304352, PWLightrod><825.0945><387.3741><-224.6795~35.00003~0.3152174~0~129.5652~0.5~0.8130434~1~0.4086954, DeepProcessing><1817.322><308.6585><-8~185~174~190~170~-5~-233~220~0.3804348~0.5434783~0.1304348, SuperStructureFuses><1408.852><20.86595><188~40, SuperStructureFuses><612.188><629.8184><119~37, SSLightRod><434.1998><373.7429><17.32051~-10~0.5217391~315~303.0435~0.2608696, LightFixture><114.0602><133.3093><RedLight~-195.6795~111~40, LightSource><1880.766><204.1994><1~Environment~-115~151~-23~56.60254~0~0, DeepProcessing><91.44562><120.2917><-6~496~343~503~349~4~0~0~0.7391304~1~0.1630435, 
FadePalette: 10, 0.3695652, 0.3043478
